429,7
429,6
75,7
75,6
75,5
57,7
57,6
428,17
428,11
428,16
428,15
428,14
428,13
428,5
428,12
428,10
428,4
428,9
428,8
428,7
428,6
99,7
99,6
632,7
632,6
632,5
632,4
632,3
632,2
632,1
632,0
390,5
390,4
631,4
631,3
631,2
631,1
631,0
389,4
388,4
387,4
2,113
386,6
386,5
386,4
385,5
385,4
630,6
630,5
630,4
630,3
630,2
630,1
630,0
629,5
629,4
629,3
629,2
629,1
629,0
384,4
628,5
628,4
628,3
628,2
628,1
628,0
383,4
382,4
381,4
627,5
627,4
627,3
627,2
627,1
627,0
380,4
626,3
626,2
626,1
626,0
377,4
625,5
625,4
625,3
625,2
625,1
625,0
376,4
373,8
373,7
2,112
373,6
373,5
373,4
371,4
624,12
624,11
624,10
624,9
624,8
624,7
624,6
624,5
624,4
624,3
624,2
624,1
624,0
370,11
370,10
370,9
370,8
370,7
370,6
370,5
370,4
369,4
368,4
623,6
623,5
623,4
623,3
623,2
623,1
623,0
0,303
622,6
622,5
622,4
622,3
622,2
622,1
622,0
367,5
367,4
366,4
365,9
365,8
365,7
365,6
365,5
365,4
364,4
363,4
362,4
361,4
621,9
621,8
621,7
621,6
621,5
621,4
621,3
621,2
621,1
621,0
360,7
360,6
360,5
360,4
359,4
358,5
358,4
357,4
620,6
620,5
620,4
620,3
620,2
620,1
620,0
619,6
619,5
619,4
619,3
619,2
619,1
619,0
356,6
356,5
356,4
618,5
618,4
618,3
618,2
618,1
618,0
355,4
617,11
617,10
617,9
617,8
617,7
617,6
617,5
617,4
617,3
617,2
617,1
617,0
616,11
616,10
616,9
616,8
616,7
616,6
616,5
616,4
616,3
616,2
616,1
616,0
2,111
615,10
615,9
615,8
615,7
615,6
615,5
615,4
615,3
615,2
615,1
615,0
614,9
614,8
614,7
614,6
614,5
614,4
614,3
614,2
614,1
614,0
613,9
613,8
613,7
613,6
613,5
613,4
613,3
613,2
613,1
613,0
612,9
612,8
612,7
612,6
612,5
612,4
612,3
612,2
612,1
612,0
611,9
611,8
611,7
611,6
611,5
611,4
611,3
611,2
611,1
611,0
610,9
610,8
610,7
610,6
610,5
610,4
610,3
610,2
610,1
610,0
353,9
353,8
353,7
353,6
353,5
353,4
350,5
350,4
349,4
609,7
609,6
609,5
609,4
609,3
609,2
609,1
609,0
608,6
608,5
608,4
608,3
608,2
608,1
608,0
2,110
607,5
607,4
607,3
607,2
607,1
607,0
348,4
606,5
606,4
606,3
606,2
606,1
606,0
605,4
605,3
605,2
605,1
605,0
347,4
604,10
604,9
604,8
604,7
604,6
604,5
604,4
604,3
604,2
604,1
604,0
346,10
346,9
346,8
346,7
346,6
346,5
346,4
345,17
345,16
345,15
345,14
2,109
345,13
345,12
345,11
345,10
345,9
345,8
345,7
345,6
345,5
345,4
343,4
603,3
603,2
603,1
603,0
340,4
602,7
602,6
602,5
602,4
602,3
602,2
602,1
602,0
339,6
339,5
339,4
338,4
601,12
0,314
601,11
601,10
601,9
601,8
601,7
601,6
601,5
601,4
601,3
601,2
601,1
601,0
2,108
600,10
600,9
600,8
600,7
600,6
600,5
600,4
600,3
600,2
600,1
600,0
599,9
599,8
599,7
599,6
599,5
599,4
599,3
599,2
599,1
599,0
598,8
598,7
598,6
598,5
598,4
598,3
598,2
598,1
598,0
337,7
337,6
337,5
337,4
336,4
597,8
597,7
597,6
597,5
597,4
597,3
597,2
597,1
597,0
335,5
335,4
334,4
596,7
596,6
596,5
596,4
596,3
596,2
596,1
596,0
333,5
2,107
333,4
332,4
595,8
595,7
595,6
595,5
595,4
595,3
595,2
595,1
595,0
594,8
594,7
594,6
594,5
594,4
594,3
594,2
594,1
594,0
593,8
593,7
593,6
593,5
593,4
593,3
593,2
593,1
593,0
592,8
592,7
592,6
592,5
592,4
592,3
592,2
592,1
592,0
331,8
331,7
331,6
331,5
331,4
330,4
591,6
591,5
591,4
591,3
591,2
591,1
591,0
590,6
590,5
590,4
590,3
590,2
590,1
590,0
329,5
329,4
327,4
589,13
589,12
589,11
589,10
589,9
589,8
589,7
589,6
589,5
589,4
589,3
589,2
589,1
589,0
588,13
588,12
588,11
588,10
588,9
588,8
588,7
588,6
588,5
588,4
588,3
588,2
588,1
588,0
587,13
587,12
587,11
587,10
587,9
587,8
587,7
587,6
587,5
587,4
587,3
587,2
587,1
587,0
586,13
586,12
586,11
586,10
586,9
586,8
586,7
586,6
586,5
586,4
586,3
586,2
586,1
586,0
585,13
585,12
585,11
585,10
585,9
585,8
585,7
585,6
585,5
585,4
585,3
585,2
585,1
585,0
584,13
584,12
584,11
584,10
584,9
584,8
584,7
584,6
584,5
584,4
584,3
584,2
584,1
584,0
2,105
326,13
326,12
326,11
326,10
326,9
326,8
326,7
326,6
326,5
326,4
325,4
583,7
583,6
583,5
583,4
583,3
583,2
583,1
583,0
582,7
582,6
582,5
582,4
582,3
582,2
582,1
582,0
581,7
581,6
581,5
581,4
581,3
581,2
581,1
581,0
324,7
2,104
324,6
324,5
324,4
323,4
580,8
580,7
580,6
580,5
580,4
580,3
580,2
580,1
580,0
322,8
322,7
322,6
322,5
322,4
2,103
579,6
579,5
579,4
579,3
579,2
579,1
579,0
578,5
578,4
578,3
578,2
578,1
578,0
319,5
319,4
318,4
317,4
577,5
577,4
577,3
577,2
577,1
577,0
2,102
316,5
316,4
576,5
576,4
576,3
576,2
576,1
576,0
315,5
315,4
2,101
314,5
314,4
313,4
2,100
312,4
575,4
575,3
575,2
575,1
575,0
311,4
310,5
310,4
309,4
2,99
574,10
574,9
574,8
574,7
574,6
574,5
574,4
574,3
574,2
574,1
574,0
573,10
573,9
573,8
573,7
573,6
573,5
573,4
573,3
573,2
573,1
573,0
572,7
572,6
572,5
572,4
572,3
572,2
572,1
572,0
308,4
307,4
305,4
571,6
571,5
571,4
571,3
571,2
571,1
571,0
570,6
570,5
570,4
570,3
570,2
570,1
570,0
569,6
569,5
569,4
569,3
569,2
569,1
569,0
304,6
304,5
304,4
568,6
568,5
568,4
568,3
568,2
568,1
568,0
303,5
303,4
302,4
301,4
300,4
2,98
299,4
298,6
298,5
298,4
297,5
297,4
296,4
295,5
295,4
567,16
567,15
567,14
567,13
567,12
567,11
567,10
567,9
567,8
567,7
567,6
567,5
567,4
567,3
567,2
567,1
567,0
566,16
566,15
566,14
566,13
566,12
566,11
566,10
566,9
566,8
566,7
566,6
566,5
566,4
566,3
566,2
566,1
566,0
565,16
565,15
565,14
565,13
565,12
565,11
565,10
565,9
565,8
565,7
565,6
565,5
565,4
565,3
565,2
565,1
565,0
2,97
2,96
564,15
564,14
564,13
564,12
564,11
564,10
564,9
564,8
564,7
564,6
564,5
564,4
564,3
564,2
564,1
564,0
294,14
294,13
294,12
294,11
294,10
294,9
294,8
294,7
294,6
294,5
294,4
563,4
563,3
563,2
563,1
563,0
291,4
290,6
290,5
290,4
289,4
562,4
562,3
562,2
562,1
562,0
2,95
288,4
287,4
561,8
561,7
561,6
561,5
561,4
561,3
561,2
561,1
561,0
282,8
282,7
282,6
282,5
282,4
278,4
2,94
277,7
277,6
277,5
277,4
276,6
276,5
276,4
274,4
560,6
560,5
560,4
560,3
560,2
560,1
560,0
559,5
559,4
559,3
559,2
559,1
559,0
273,4
271,4
270,6
270,5
270,4
268,4
266,5
266,4
264,4
256,4
558,7
558,6
558,5
558,3
558,2
558,1
558,0
557,5
557,4
557,3
557,2
557,1
557,0
556,4
556,3
556,2
556,1
556,0
254,4
555,13
555,12
2,93
555,11
555,10
555,9
555,8
555,7
555,6
555,5
555,4
555,3
555,2
555,1
555,0
253,6
253,5
253,4
252,4
251,4
250,6
250,5
250,4
249,4
248,4
246,4
244,4
243,4
2,92
554,7
2,91
554,6
554,5
554,4
554,3
554,2
554,1
554,0
242,5
242,4
241,7
241,6
241,5
241,4
240,4
239,6
239,5
239,4
237,4
553,6
553,5
553,4
553,3
553,2
553,1
553,0
2,90
552,6
552,5
552,4
552,3
552,2
552,1
552,0
236,5
236,4
551,6
551,5
551,4
551,3
551,2
551,1
551,0
550,5
550,4
550,3
550,2
550,1
550,0
235,4
234,4
549,6
549,5
549,4
549,3
549,2
549,1
549,0
233,4
232,4
231,4
230,5
2,89
230,4
229,4
548,7
548,6
548,5
548,4
548,3
548,2
548,1
548,0
547,7
547,6
547,5
547,4
547,3
547,2
547,1
547,0
228,4
227,4
2,88
546,7
2,87
546,6
546,5
546,4
546,3
546,2
546,1
546,0
226,5
226,4
545,3
545,2
545,1
545,0
223,4
2,86
222,4
221,10
221,9
221,8
2,85
221,7
221,6
221,5
221,4
219,4
544,4
544,3
544,2
544,1
544,0
218,4
543,7
543,6
543,5
543,4
543,3
543,2
543,1
543,0
542,7
542,6
542,5
542,4
542,3
542,2
542,1
542,0
217,7
217,6
217,5
217,4
216,4
541,5
541,4
541,3
541,2
541,1
541,0
215,5
215,4
214,4
540,4
540,3
540,2
540,1
540,0
212,4
2,84
539,8
539,7
539,6
539,5
539,4
539,3
539,2
539,1
539,0
538,7
538,6
538,5
538,4
538,3
538,2
538,1
538,0
2,83
211,7
211,6
2,82
211,5
211,4
210,4
537,8
537,7
537,6
537,5
537,4
537,3
537,2
537,1
537,0
536,8
536,7
536,6
536,5
536,4
536,3
536,2
536,1
536,0
535,8
535,7
535,6
535,5
535,4
535,3
535,2
535,1
535,0
209,8
209,7
209,6
209,5
209,4
208,4
534,7
534,6
534,5
534,4
534,3
534,2
534,1
534,0
533,7
533,6
533,5
533,4
533,3
533,2
533,1
533,0
2,81
532,7
532,6
532,5
532,4
532,3
532,2
532,1
532,0
207,7
207,6
207,5
207,4
206,4
205,4
531,4
531,3
531,2
531,1
531,0
203,4
530,8
530,7
530,6
530,5
530,4
530,3
530,2
530,1
530,0
529,7
529,6
529,5
529,4
529,3
529,2
529,1
529,0
202,7
202,6
202,5
202,4
528,11
528,10
528,9
528,8
528,7
528,6
528,5
528,4
528,3
528,2
528,1
528,0
527,11
527,10
527,9
527,8
527,7
527,6
527,5
527,4
527,3
527,2
527,1
527,0
526,11
526,10
526,9
526,8
526,7
526,6
526,5
526,4
526,3
526,2
526,1
526,0
525,11
525,10
525,9
525,8
525,7
525,6
525,5
525,4
525,3
525,2
525,1
525,0
201,11
201,10
201,9
201,8
201,7
201,6
201,5
2,80
201,4
200,4
524,15
524,14
524,13
524,12
524,11
524,10
524,9
524,8
524,7
524,6
524,5
524,4
524,3
524,2
524,1
524,0
523,15
523,14
523,13
523,12
523,11
523,10
523,9
523,8
523,7
523,6
523,5
523,4
523,3
523,2
523,1
523,0
522,15
522,14
522,13
522,12
522,11
522,10
522,9
522,8
522,7
522,6
522,5
522,4
522,3
522,2
522,1
522,0
521,15
521,14
521,13
521,12
521,11
521,10
521,9
521,8
521,7
521,6
521,5
521,4
521,3
521,2
521,1
521,0
520,15
520,14
520,13
520,12
520,11
520,10
520,9
520,8
520,7
520,6
520,5
520,4
520,3
520,2
520,1
520,0
2,79
519,15
519,14
519,13
519,12
519,11
519,10
519,9
519,8
519,7
519,6
519,5
519,4
519,3
519,2
519,1
519,0
199,15
199,14
199,13
199,12
199,11
199,10
199,9
199,8
199,7
199,6
199,5
199,4
198,4
197,4
194,4
192,11
192,10
192,9
2,78
192,8
192,7
192,6
192,5
192,4
191,4
518,4
518,3
518,2
518,1
518,0
190,4
517,7
517,6
517,5
517,4
517,3
517,2
517,1
517,0
189,7
189,6
189,5
189,4
187,4
516,8
516,7
516,6
516,5
516,4
516,3
516,2
516,1
516,0
515,8
515,7
515,6
515,5
515,4
515,3
515,2
515,1
515,0
514,8
514,7
514,6
514,5
514,4
514,3
514,2
514,1
514,0
513,8
513,7
513,6
513,5
513,4
513,3
513,2
513,1
513,0
186,8
186,7
2,77
186,6
186,5
186,4
185,4
184,4
183,11
183,10
183,9
183,8
183,7
183,6
2,76
183,5
183,4
180,4
179,4
512,5
512,4
512,3
512,2
512,1
512,0
178,4
511,5
2,75
511,4
511,3
511,2
511,1
511,0
2,74
177,4
176,6
176,5
176,4
175,6
175,5
2,73
175,4
174,5
174,4
173,5
2,72
173,4
510,6
2,71
510,5
510,4
510,3
510,2
510,1
510,0
172,4
509,5
509,4
509,3
509,2
509,1
509,0
171,5
2,70
171,4
2,69
170,4
169,5
169,4
168,4
508,6
508,5
508,4
508,3
508,2
508,1
508,0
507,6
507,5
507,4
507,3
507,2
507,1
507,0
167,6
167,5
167,4
166,4
165,8
165,7
165,6
165,5
165,4
164,4
162,4
506,4
506,3
506,2
506,1
506,0
161,4
160,4
505,7
505,6
505,5
505,4
505,3
505,2
505,1
505,0
504,7
504,6
504,5
504,4
504,3
504,2
504,1
504,0
2,68
503,7
503,6
503,5
503,4
503,3
503,2
503,1
503,0
159,7
159,6
159,5
159,4
158,4
157,9
157,8
157,7
157,6
157,5
157,4
2,67
156,4
502,10
502,9
502,8
502,7
502,6
502,5
502,4
502,3
502,2
502,1
502,0
501,9
501,8
501,7
501,6
501,5
501,4
501,3
501,2
501,1
501,0
500,9
500,8
500,7
500,6
500,5
500,4
500,3
500,2
500,1
500,0
155,9
155,8
155,7
155,6
155,5
155,4
154,4
499,6
499,5
499,4
499,3
499,2
499,1
499,0
498,6
498,5
498,4
498,3
498,2
498,1
498,0
153,6
153,5
153,4
152,4
150,4
497,7
497,6
497,5
497,4
497,3
497,2
497,1
497,0
496,6
496,5
496,4
496,3
496,2
496,1
496,0
495,6
495,5
495,4
495,3
495,2
495,1
495,0
149,5
149,4
148,4
494,6
494,5
2,66
494,4
494,3
494,2
494,1
494,0
145,4
493,6
2,65
493,5
493,4
493,3
493,2
493,1
493,0
144,5
144,4
143,4
492,11
492,10
492,9
492,8
492,7
492,6
492,5
492,4
492,3
492,2
492,1
492,0
491,11
491,10
491,9
491,8
491,7
491,6
491,5
491,4
491,3
491,2
491,1
491,0
490,11
490,10
490,9
490,8
490,7
490,6
490,5
490,4
490,3
490,2
490,1
490,0
489,11
489,10
489,9
489,8
489,7
489,6
489,5
489,4
489,3
489,2
489,1
489,0
488,11
488,10
488,9
488,8
488,7
488,6
488,5
488,4
488,3
488,2
488,1
488,0
142,11
142,10
142,9
142,8
142,7
142,6
142,5
142,4
141,11
141,10
141,9
2,64
141,8
141,7
141,6
141,5
141,4
487,3
487,2
487,1
487,0
139,4
486,5
486,4
486,3
486,2
486,1
486,0
485,5
485,4
485,3
485,2
485,1
485,0
484,5
484,4
484,3
484,2
484,1
484,0
483,5
483,4
483,3
483,2
483,1
483,0
482,5
482,4
482,3
482,2
482,1
482,0
481,5
481,4
481,3
481,2
481,1
481,0
480,5
480,4
480,3
480,2
480,1
480,0
479,5
479,4
479,3
479,2
479,1
479,0
478,5
478,4
478,3
478,2
478,1
478,0
477,5
477,4
477,3
477,2
477,1
477,0
476,5
476,4
476,3
476,2
476,1
476,0
475,5
475,4
475,3
475,2
475,1
475,0
474,5
474,4
474,3
474,2
474,1
474,0
473,5
473,4
473,3
473,2
473,1
473,0
472,5
472,4
472,3
472,2
472,1
472,0
471,5
471,4
471,3
471,2
471,1
471,0
470,5
470,4
470,3
470,2
470,1
470,0
469,5
469,4
469,3
469,2
469,1
469,0
468,5
468,4
468,3
468,2
468,1
468,0
467,5
467,4
467,3
467,2
467,1
467,0
466,5
466,4
466,3
466,2
466,1
466,0
465,5
465,4
465,3
465,2
465,1
465,0
464,5
464,4
464,3
464,2
464,1
464,0
463,5
463,4
463,3
463,2
463,1
463,0
462,5
462,4
462,3
462,2
462,1
462,0
461,5
461,4
461,3
461,2
461,1
461,0
460,5
460,4
2,34
460,3
460,2
460,1
460,0
459,5
459,4
459,3
459,2
459,1
459,0
458,5
458,4
458,3
458,2
458,1
458,0
457,5
457,4
457,3
457,2
457,1
457,0
456,5
456,4
456,3
456,2
456,1
456,0
455,5
455,4
455,3
455,2
455,1
455,0
454,5
454,4
454,3
454,2
454,1
454,0
453,4
453,3
453,2
453,1
453,0
127,4
452,5
452,4
452,3
452,2
452,1
452,0
451,5
451,4
451,3
451,2
451,1
451,0
450,5
450,4
450,3
450,2
450,1
450,0
449,5
449,4
449,3
449,2
449,1
449,0
448,5
448,4
448,3
448,2
